168 172.36
169 172.90
170 172.28
171 174.91
172 173.40
173 176.95
174 175.40
175 174.98
176 177.45
177 175.02
178 178.50
179 178.58
180 179.50
181 178.11
182 179.56
183 180.11
184 178.60
185 183.64
186 181.65
187 178.18
188 183.63
189 181.25
190 183.70
191 182.23
192 185.75
193 185.23
194 186.73
195 187.33
168.5 173.36
169.5 171.90
170.5 176.28
171.5 170.95
172.5 177.40
173.5 180.95
174.5 170.40
175.5 177.18
176.5 173.65
177.5 183.12
178.5 172.50
179.5 180.08
180.5 176.50
181.5 175.11
182.5 180.56
183.5 181.11
184.5 178.60
185.5 183.64
186.5 177.65
187.5 190.18
188.5 185.63
189.5 186.25
190.5 180.70
191.5 186.23
192.5 182.75
193.5 186.23
194.5 182.73
195.5 189.33
168.7 163.36
169.7 167.90
170.7 174.28
171.7 173.95
172.7 176.00
173.7 183.00
174.7 168.90
175.7 178.50
176.7 171.02
177.7 187.01
178.7 170.98
179.7 179.00
180.7 179.50
181.7 173.11
182.7 183.56
183.7 179.11
184.7 180.60
185.7 185.64
186.7 183.65
187.7 192.68
188.7 184.01
189.7 188.25
190.7 177.70
191.7 188.23
192.7 179.25
193.7 188.89
194.7 180.13
195.7 193.33
167.3 169.36
168.3 168.36
169.3 170.90
170.3 175.28
171.3 170.91
172.3 178.40
173.3 170.95
174.3 180.40
175.3 169.98
176.3 177.45
177.3 179.02
178.3 175.50
179.3 183.58
180.3 178.50
181.3 188.11
182.3 189.56
183.3 172.11
184.3 183.60
185.3 180.64
186.3 190.65
187.3 176.18
188.3 186.63
189.3 177.25
190.3 189.70
191.3 177.23
192.3 189.75
193.3 179.23
194.3 189.73
195.3 185.33
196.3 193.33
197.3 195.33
198.3 189.33
199.3 183.33